
Tabla 3 - Estadística Descriptiva
==============================================================
Statistic   N    Mean  St. Dev.  Min  Pctl(25) Pctl(75)  Max  
--------------------------------------------------------------
ANS       5,180 3.968   1.154   2.023  3.175    4.677   8.967 
DP        5,180 3.476   0.670   2.140  2.959    3.862   6.603 
ESQ       5,180 0.208   0.042   0.147  0.180    0.230   0.375 
BI        5,180 0.721   0.165   0.315  0.617    0.837   1.207 
DA        5,180 0.236   0.155   0.074  0.121    0.282   0.944 
AH        5,180 2.281   0.903   1.197  1.614    2.578   6.933 
DR        5,180 12.950  1.835   9.715  11.445   14.223  19.115
SU        5,180 12.013  8.523   1.527  6.502    14.763  98.832
--------------------------------------------------------------
