
Tabla 1 - Estadística Descriptiva
===================================================
Statistic N Mean St. Dev. Min Pctl(25) Pctl(75) Max
===================================================

Tabla 1 - Estadística Descriptiva
============================================================================
Statistic       N     Mean    St. Dev.   Min    Pctl(25) Pctl(75)    Max    
----------------------------------------------------------------------------
ano           5,180 2,003.500  8.079    1,990   1,996.8  2,010.2    2,017   
ANS           5,180   3.968    1.154    2.023    3.175    4.677     8.967   
DP            5,180   3.476    0.670    2.140    2.959    3.862     6.603   
ESQ           5,180   0.208    0.042    0.147    0.180    0.230     0.375   
BI            5,180   0.721    0.165    0.315    0.617    0.837     1.207   
DA            5,180   0.236    0.155    0.074    0.121    0.282     0.944   
AH            5,180   2.281    0.903    1.197    1.614    2.578     6.933   
DR            5,180  12.950    1.835    9.715    11.445   14.223    19.115  
SU            5,180  12.013    8.523    1.527    6.502    14.763    98.832  
GINId         1,502  38.749    9.118    22.900   31.700   45.100    65.800  
IC            2,933  42.714    22.006   4.000    26.000   56.000   100.000  
GPS           4,077   8.319    5.016    0.550    4.330    11.600    42.050  
GPE           4,265   4.525    3.222    0.570    2.990    5.430     44.330  
GPD           4,055   7.208   299.820   0.000    1.130    2.750   19,093.450
IDH           4,354  66.033    16.521   19.200   53.400   78.700    95.400  
ANS_a         5,180   0.280    0.166   -0.00000  0.166    0.382     1.000   
DP_a          5,180   0.299    0.150   0.00000   0.184    0.386     1.000   
ESQ_a         5,180   0.270    0.185   -0.00000  0.144    0.366     1.000   
BI_a          5,180   0.456    0.184   0.00000   0.339    0.585     1.000   
DA_a          5,180   0.186    0.178    0.000    0.055    0.239     1.000   
AH_a          5,180   0.189    0.157    0.000    0.073    0.241     1.000   
DR_a          5,180   0.344    0.195    -0.000   0.184    0.480     1.000   
IHSM          5,180  28.917    12.403   12.369   19.828   34.087    78.954  
IHSM_ajustado 5,180  35.541    23.418   0.000    16.551   50.875   100.000  
----------------------------------------------------------------------------
